User 	103685
All 	16,19,31,36,74,85,94,105,110,141,147,153,218,222,223,224,235,344,345,348,351,408,412,425,432,437,440,442,468,577,585,588,590,592,595,647,779,808,838,900,902,909,912,924,932,971,1005,1007,1021,1022,1031,1032,1064,1088,1092,1097,1119,1126,1183,1196,1198,1220,1225,1230,1246,1257,1269,1270,1345,1354,1367,1377,1410,1441,1453,1466,1488,1503,1517,1541,1562,1608,1639,1645,1673,1688,1732,1733,1835,1883,1962,1968,2011,2012,2015,2017,2020,2040,2042,2045,2085,2123,2124,2133,2135,2141,2174,2243,2262,2291,2312,2336,2352,2355,2369,2407,2423,2453,2470,2474,2541,2567,2583,2599,2616,2683,2736,2738,2739,2791,2792,2794,2797,2804,2858,2870,2950,2971,3007,3019,3060,3105,3110,3125,3148,3251,3257,3260,3270,3324,3401,3408,3424,3428,3436,3524,3552,3594,3671,3672,3841,3882,3897,3900,3901,3911,
Popular 	16,19,36,110,141,153,223,235,344,432,440,442,588,590,592,595,902,912,924,1088,1092,1097,1183,1196,1198,1220,1225,1230,1246,1270,1377,1466,1517,1608,1639,1645,1673,1732,1968,2011,2012,2174,2291,2355,2407,2470,2599,2683,2791,2797,2804,2858,3408,3671,3897,
User 	182670
All 	27904,41863,42725,42728,42730,42732,43556,43558,43679,43684,43836,43869,43871,43904,43919,43928,43932,43934,43987,44004,44022,44189,44191,44193,44195,44197,44199,44397,44399,44613,44665,44694,44729,44759,44815,44849,44864,44949,44972,45028,45062,45074,45106,45210,45221,45440,45447,45503,45666,45668,45720,45726,45728,45730,45732,45852,45880,45950,46335,46337,46430,46530,46574,46723,46850,46865,46965,46967,46972,47044,47099,47122,47200,47382,47384,47423,47610,47629,47640,47642,47644,47646,47793,47810,47894,47937,47950,47952,47970,47978,47997,48043,48082,48161,48262,48304,48319,48322,48326,48414,48416,48516,48518,48522,48560,48591,48593,48598,48600,48682,48696,48698,48738,48741,48744,48774,48780,48783,48856,48877,48997,49013,49130,49205,49272,49276,49280,49282,49284,49286,49347,49524,49526,49528,49530,49642,49649,49651,49666,49793,49822,49824,49957,50003,50005,50068,50147,50160,50259,50274,50447,50514,50792,50794,50842,50851,50858,50912,51007,51037,51094,51418,51471,51705,51709,51884,52005,52037,52042,52227,52321,52448,52545,52561,52885,52950,52952,53143,53161,53349,53550,53574,53578,54094,54116,54328,55391,55419,55492,55726,56141,56715,57848,59290,59387,59478,59912,60946,
Popular 	44191,48516,48774,48780,49272,
User 	185939
All 	29,50,318,527,531,830,858,1186,1373,1479,1960,2076,2140,2160,2288,2393,2707,2746,3082,3273,3355,3563,3785,3863,4148,4270,4361,4388,4571,4720,4744,4865,4876,5065,5128,5219,5323,5679,5784,5991,6323,6502,6615,6754,6888,6952,7022,7042,7143,7454,8019,8810,8815,8947,8957,8967,25771,27772,31696,32743,34143,34323,36509,37720,39446,42723,44397,44972,45081,45361,45662,46965,48591,48877,50804,51937,52281,52283,53000,53435,53519,54995,55232,55282,55577,56145,56174,56339,57274,57520,59727,61262,61323,
Popular 	50,318,527,858,4720,5679,6502,7143,56174,
User 	199547
All 	1,19,32,47,318,344,356,364,480,527,589,593,648,668,780,858,924,926,1178,1212,1221,1240,1260,1270,1580,1682,1721,1917,2028,2329,2571,2628,2706,2959,3022,3147,3307,3435,3578,3793,4306,4643,4993,5349,5378,5418,5952,5989,6365,6502,6669,6934,7153,7541,8636,8665,8866,8961,26003,26082,26614,33493,33794,33905,34319,44191,44665,45447,45499,46972,48780,49530,52722,53000,53972,54286,56093,56174,57522,58293,58559,58803,59315,59369,59784,59995,60069,61160,63479,63859,67295,68269,68319,68358,69122,71129,71379,71518,72605,72998,73106,
Popular 	1,19,32,47,318,344,356,364,480,527,589,593,648,780,858,924,1221,1240,1270,1580,1682,1721,1917,2028,2329,2571,2628,2706,2959,3147,3578,3793,4306,4993,5349,5378,5418,5952,5989,6365,6502,6934,7153,8636,8665,8961,33493,33794,44191,48780,54286,56174,58559,59315,60069,68358,69122,72998,
User 	294403
All 	39,377,597,1393,1457,1704,1721,1923,2572,2581,2617,2797,3882,3948,4023,4054,4069,5387,5418,5445,5943,6006,6155,7254,7438,7445,7451,8533,8614,8799,31433,31685,32298,32598,40581,41573,43684,44004,44193,44199,45720,56941,58047,59369,65585,69406,70599,71838,78264,86833,88163,90576,92509,96811,110771,112556,122882,122904,127108,134393,139385,139644,140174,142488,148626,152017,152089,158528,160567,164731,164741,
Popular 	39,377,597,1393,1704,1721,1923,2572,2617,2797,3948,5418,5445,7254,7438,
User 	175691
All 	107,307,308,892,1103,1226,1381,1411,1635,1678,1680,1717,1957,2571,2581,2857,2858,2959,3556,4386,4878,5618,7285,
Popular 	2571,2858,2959,4878,5618,
User 	178235
All 	204,616,849,940,1249,1277,1373,1438,1479,1587,1960,2013,2021,2407,2803,41569,
Popular 	2407,
User 	218331
All 	60,262,344,374,500,575,586,902,917,1022,1028,1031,1197,1367,1894,2018,2080,2096,2125,2146,2205,2384,2421,2572,3189,3991,4014,4039,4041,4069,4232,4306,4544,4700,4736,4886,4896,4963,5066,5620,6155,6377,6863,6942,7161,7169,7255,7293,7444,7453,8368,8533,8642,8643,8808,8866,8911,26198,31685,31694,33162,33722,33815,34150,34332,36525,41566,42009,42728,43930,44193,44225,45499,45720,45722,46976,47382,47516,49286,49530,50160,50872,50954,51084,51662,52287,54094,54259,55052,56775,56941,56949,58047,58347,59333,59421,59501,59784,60069,63082,63859,64969,66097,68135,68954,69406,69644,69757,69844,70599,70643,70769,72483,72641,72737,72998,74488,74508,74530,74688,76093,76251,77414,79091,79588,79910,80549,80586,80860,81834,81847,82152,82167,83086,84847,86548,87308,88125,
Popular 	344,500,586,902,1028,1197,2080,2572,4014,4306,4886,4896,4963,6377,6863,6942,8368,45722,50872,51662,60069,63082,68954,69844,72998,76093,81834,
User 	220601
All 	575,1342,1347,2146,2340,2485,2713,3034,3271,3969,4679,4878,6385,6565,38086,38538,53000,54272,54281,87485,
Popular 	4878,
User 	222508
All 	207,909,1244,1256,1345,1835,1955,1965,2160,2278,2686,3100,3105,4018,5945,
Popular 	4018,




Features 15
 Users 5
User 	134679
All 	48,158,186,342,783,953,1207,1372,1653,2011,2081,2100,2268,2302,2640,3897,6633,6638,6658,6678,6718,6744,6785,6787,6796,
Popular 	48,158,186,342,783,953,1207,1372,1653,2011,2081,2100,2268,2302,2640,3897,6787,6796,
User 	185759
All 	10,50,231,318,344,356,648,720,910,1193,1198,1203,1223,2571,2858,4896,4973,5504,6794,7143,7361,8965,26614,32031,34072,38038,39435,41566,41716,42011,45431,48516,48780,49272,51086,52458,55247,56757,56775,58295,58559,59615,59784,60069,61024,61262,61354,61697,62081,62113,62374,62434,62999,63082,63113,64030,64285,64614,68157,72998,76251,79132,80463,91529,91658,99114,112556,113064,
Popular 	10,50,231,318,344,356,648,720,910,1193,1198,1203,1223,2571,2858,4896,4973,7143,7361,8965,26614,32031,34072,38038,41566,42011,45431,48516,48780,49272,51086,52458,55247,56757,56775,58295,58559,59615,59784,60069,61024,62081,62374,62434,62999,63082,63113,64614,68157,72998,76251,79132,80463,91529,91658,99114,112556,
User 	236772
All 	16,32,72,89,293,296,318,319,348,417,492,527,535,541,562,593,750,800,858,924,1041,1095,1186,1199,1227,1230,1244,1247,1252,1305,1594,1682,1701,1897,1952,1966,2065,2076,2160,2194,2318,2329,2427,2455,2571,2858,2959,2973,3075,3186,3272,3317,3499,3576,3910,3925,4017,4021,4148,4226,4262,4409,5074,5339,5502,5630,5995,6001,6059,6331,6440,6530,6774,6971,7123,7319,7361,7983,8207,8261,8638,26731,26974,30825,33138,33171,37733,38886,40559,42351,48774,50806,51662,52604,53207,53498,55118,55261,55442,55820,56174,56333,58559,58876,59306,59519,62250,64614,64716,69122,69134,71252,71464,72405,74916,77307,78574,80463,84621,86320,86882,86898,87234,88129,89774,90057,90376,90428,90430,90531,90890,91529,91866,93723,94325,94959,95237,96407,96728,96811,96832,97470,97722,97860,97866,99917,100150,100426,100579,100714,101285,102800,103980,103984,103994,104944,105197,105355,106766,106920,108727,108932,108981,109374,109848,112183,112290,112399,112552,112556,113705,114342,115569,116977,117517,121231,122882,127130,133649,134796,134821,
Popular 	16,32,89,293,296,318,319,348,417,492,527,535,541,562,593,750,800,858,924,1041,1095,1186,1199,1227,1230,1244,1247,1252,1305,1594,1682,1701,1952,2065,2076,2160,2194,2318,2329,2427,2455,2571,2858,2959,2973,3186,3317,3499,3910,4017,4148,4226,4262,5502,5630,5995,6001,6059,6331,6440,6774,7361,8207,8638,30825,37733,38886,48774,51662,52604,55118,55442,55820,56174,58559,64614,64716,69122,71464,78574,80463,86320,86882,88129,89774,91529,94959,106920,108932,109374,112183,112290,112552,112556,115569,122882,
User 	258607
All 	318,858,1193,7502,53125,53996,54272,60684,80463,81591,108806,111759,112556,127146,130636,130956,132173,132480,132520,
Popular 	318,858,1193,7502,53125,53996,54272,60684,80463,81591,111759,112556,
User 	276205
All 	260,318,527,593,1704,2324,2329,2571,2959,4973,6016,7502,74458,77658,79132,92259,94466,143385,148614,148616,148618,148620,148622,148624,148626,148628,
Popular 	260,318,527,593,1704,2324,2329,2571,2959,4973,6016,7502,74458,79132,92259,94466,143385,148626,
